Algorithm,Compressed size,Compression speed,Dataset,Decompression speed,Deltas,Filename,Memlimit,MinIters,Nbits,Order,Original size,Ratio
Memcpy,995480,22183.4,ucr,22244.87,False,/colmajor/uint8-as-uint32/ucr/50words.dat,16,5,8,f,995480,100.0
FastPFOR,245660,1356.11,ucr,5928.02,False,/colmajor/uint8-as-uint32/ucr/50words.dat,16,5,8,f,995480,24.68
FastPFOR,143048,1063.13,ucr,4498.74,False,/colmajor/uint8-as-uint32/ucr/Adiac.dat,16,5,8,f,565424,25.3
FastPFOR,54796,945.46,ucr,4380.28,False,/colmajor/uint8-as-uint32/ucr/ArrowHead.dat,16,5,8,f,216044,25.36
FastPFOR,28736,772.09,ucr,3808.73,False,/colmajor/uint8-as-uint32/ucr/Beef.dat,16,5,8,f,113980,25.21
FastPFOR,20996,836.81,ucr,3147.36,False,/colmajor/uint8-as-uint32/ucr/BeetleFly.dat,16,5,8,f,82700,25.39
FastPFOR,21040,793.3,ucr,3367.95,False,/colmajor/uint8-as-uint32/ucr/BirdChicken.dat,16,5,8,f,82700,25.44
FastPFOR,70756,927.43,ucr,4427.01,False,/colmajor/uint8-as-uint32/ucr/Car.dat,16,5,8,f,279340,25.33
FastPFOR,125176,1028.07,ucr,4470.25,False,/colmajor/uint8-as-uint32/ucr/CBF.dat,16,5,8,f,494740,25.3
FastPFOR,745212,1177.78,ucr,6535.69,False,/colmajor/uint8-as-uint32/ucr/ChlorineConcentration.dat,16,5,8,f,2945968,25.3
FastPFOR,2250604,1792.06,ucr,9285.66,False,/colmajor/uint8-as-uint32/ucr/CinC_ECG_torso.dat,16,5,8,f,9337900,24.1
FastPFOR,16588,1010.45,ucr,3140.89,False,/colmajor/uint8-as-uint32/ucr/Coffee.dat,16,5,8,f,65164,25.46
FastPFOR,262524,1129.06,ucr,9064.92,False,/colmajor/uint8-as-uint32/ucr/Computers.dat,16,5,8,f,1449980,18.11
FastPFOR,212916,1224.35,ucr,9946.9,False,/colmajor/uint8-as-uint32/ucr/Cricket_X.dat,16,5,8,f,951580,22.37
FastPFOR,240780,1434.95,ucr,5796.41,False,/colmajor/uint8-as-uint32/ucr/Cricket_Y.dat,16,5,8,f,951580,25.3
FastPFOR,212644,813.93,ucr,4506.38,False,/colmajor/uint8-as-uint32/ucr/Cricket_Z.dat,16,5,8,f,951580,22.35
FastPFOR,114064,1024.68,ucr,4634.46,False,/colmajor/uint8-as-uint32/ucr/DiatomSizeReduction.dat,16,5,8,f,450780,25.3
FastPFOR,46468,997.62,ucr,5845.72,False,/colmajor/uint8-as-uint32/ucr/DistalPhalanxOutlineAgeGroup.dat,16,5,8,f,183240,25.36
FastPFOR,75432,1077.81,ucr,4667.15,False,/colmajor/uint8-as-uint32/ucr/DistalPhalanxOutlineCorrect.dat,16,5,8,f,297820,25.33
FastPFOR,46476,1027.59,ucr,4336.53,False,/colmajor/uint8-as-uint32/ucr/DistalPhalanxTW.dat,16,5,8,f,183240,25.36
FastPFOR,190288,629.69,ucr,3520.21,False,/colmajor/uint8-as-uint32/ucr/Earthquakes.dat,16,5,8,f,953328,19.96
FastPFOR,20496,1027.75,ucr,3342.02,False,/colmajor/uint8-as-uint32/ucr/ECG200.dat,16,5,8,f,80780,25.37
FastPFOR,733508,1732.3,ucr,0.0,False,/colmajor/uint8-as-uint32/ucr/ECG5000.dat,16,5,8,f,2899980,25.29
FastPFOR,126328,1542.02,ucr,5593.02,False,/colmajor/uint8-as-uint32/ucr/ECGFiveDays.dat,16,5,8,f,498556,25.34
FastPFOR,1660616,1350.47,ucr,8640.41,False,/colmajor/uint8-as-uint32/ucr/ElectricDevices.dat,16,5,8,f,6721328,24.71
FastPFOR,282352,1010.93,ucr,5825.67,False,/colmajor/uint8-as-uint32/ucr/FaceAll.dat,16,5,8,f,1223980,23.07
FastPFOR,40232,838.47,ucr,4192.79,False,/colmajor/uint8-as-uint32/ucr/FaceFour.dat,16,5,8,f,159020,25.3
FastPFOR,282404,645.27,ucr,6174.61,False,/colmajor/uint8-as-uint32/ucr/FacesUCR.dat,16,5,8,f,1223980,23.07
FastPFOR,124844,1805.33,ucr,10987.98,False,/colmajor/uint8-as-uint32/ucr/FISH.dat,16,5,8,f,655180,19.05
FastPFOR,2514268,2039.97,ucr,9252.58,False,/colmajor/uint8-as-uint32/ucr/FordA.dat,16,5,8,f,9940400,25.29
FastPFOR,2271620,2122.45,ucr,8878.85,False,/colmajor/uint8-as-uint32/ucr/FordB.dat,16,5,8,f,8980900,25.29
FastPFOR,31376,1558.05,ucr,9727.74,False,/colmajor/uint8-as-uint32/ucr/Gun_Point.dat,16,5,8,f,123980,25.31
FastPFOR,82748,996.17,ucr,4796.99,False,/colmajor/uint8-as-uint32/ucr/Ham.dat,16,5,8,f,373196,22.17
FastPFOR,3700584,1594.96,ucr,10064.05,False,/colmajor/uint8-as-uint32/ucr/HandOutlines.dat,16,5,8,f,14872700,24.88
FastPFOR,513872,1904.62,ucr,0.0,False,/colmajor/uint8-as-uint32/ucr/Haptics.dat,16,5,8,f,2031624,25.29
FastPFOR,67024,1607.49,ucr,11030.8,False,/colmajor/uint8-as-uint32/ucr/Herring.dat,16,5,8,f,264684,25.32
FastPFOR,1133260,1445.46,ucr,7029.19,False,/colmajor/uint8-as-uint32/ucr/InlineSkate.dat,16,5,8,f,4906180,23.1
FastPFOR,522580,1296.61,ucr,5004.06,False,/colmajor/uint8-as-uint32/ucr/InsectWingbeatSound.dat,16,5,8,f,2296780,22.75
FastPFOR,32180,1288.01,ucr,3916.2,False,/colmajor/uint8-as-uint32/ucr/ItalyPowerDemand.dat,16,5,8,f,127116,25.32
FastPFOR,314428,977.25,ucr,5148.14,False,/colmajor/uint8-as-uint32/ucr/LargeKitchenAppliances.dat,16,5,8,f,2174980,14.46
FastPFOR,50804,842.84,ucr,3297.13,False,/colmajor/uint8-as-uint32/ucr/Lighting2.dat,16,5,8,f,310708,16.35
FastPFOR,35288,514.03,ucr,2797.44,False,/colmajor/uint8-as-uint32/ucr/Lighting7.dat,16,5,8,f,185308,19.04
FastPFOR,2470436,1500.38,ucr,9766.39,False,/colmajor/uint8-as-uint32/ucr/MALLAT.dat,16,5,8,f,9878380,25.01
FastPFOR,52868,1513.53,ucr,10430.32,False,/colmajor/uint8-as-uint32/ucr/Meat.dat,16,5,8,f,217420,24.32
FastPFOR,109960,1070.07,ucr,5724.44,False,/colmajor/uint8-as-uint32/ucr/MedicalImages.dat,16,5,8,f,474636,23.17
FastPFOR,47748,1472.02,ucr,5433.77,False,/colmajor/uint8-as-uint32/ucr/MiddlePhalanxOutlineAgeGroup.dat,16,5,8,f,188340,25.35
FastPFOR,76712,1820.27,ucr,5644.23,False,/colmajor/uint8-as-uint32/ucr/MiddlePhalanxOutlineCorrect.dat,16,5,8,f,302920,25.32
FastPFOR,47632,1508.56,ucr,4338.7,False,/colmajor/uint8-as-uint32/ucr/MiddlePhalanxTW.dat,16,5,8,f,188000,25.34
FastPFOR,114568,1064.73,ucr,4707.62,False,/colmajor/uint8-as-uint32/ucr/MoteStrain.dat,16,5,8,f,452812,25.3
FastPFOR,2867988,1932.69,ucr,9173.84,False,/colmajor/uint8-as-uint32/ucr/NonInvasiveFatalECG_Thorax1.dat,16,5,8,f,11370280,25.22
FastPFOR,2817768,1835.78,ucr,8525.45,False,/colmajor/uint8-as-uint32/ucr/NonInvasiveFatalECG_Thorax2.dat,16,5,8,f,11370280,24.78
FastPFOR,32940,970.21,ucr,5253.18,False,/colmajor/uint8-as-uint32/ucr/OliveOil.dat,16,5,8,f,137980,23.87
FastPFOR,193296,1692.22,ucr,10709.61,False,/colmajor/uint8-as-uint32/ucr/OSULeaf.dat,16,5,8,f,763756,25.31
FastPFOR,228640,1975.2,ucr,11445.04,False,/colmajor/uint8-as-uint32/ucr/PhalangesOutlinesCorrect.dat,16,5,8,f,903700,25.3
FastPFOR,2196688,1823.01,ucr,9901.22,False,/colmajor/uint8-as-uint32/ucr/Phoneme.dat,16,5,8,f,8684740,25.29
FastPFOR,31680,2030.8,ucr,9302.71,False,/colmajor/uint8-as-uint32/ucr/Plane.dat,16,5,8,f,125140,25.32
FastPFOR,52120,1843.28,ucr,5352.63,False,/colmajor/uint8-as-uint32/ucr/ProximalPhalanxOutlineAgeGroup.dat,16,5,8,f,205680,25.34
FastPFOR,76708,1874.88,ucr,5409.58,False,/colmajor/uint8-as-uint32/ucr/ProximalPhalanxOutlineCorrect.dat,16,5,8,f,302920,25.32
FastPFOR,52120,1861.32,ucr,5354.86,False,/colmajor/uint8-as-uint32/ucr/ProximalPhalanxTW.dat,16,5,8,f,205680,25.34
FastPFOR,547188,1619.87,ucr,12015.2,False,/colmajor/uint8-as-uint32/ucr/RefrigerationDevices.dat,16,5,8,f,2174980,25.16
FastPFOR,456396,1311.63,ucr,9981.18,False,/colmajor/uint8-as-uint32/ucr/ScreenType.dat,16,5,8,f,2174980,20.98
FastPFOR,102256,1700.4,ucr,5513.66,False,/colmajor/uint8-as-uint32/ucr/ShapeletSim.dat,16,5,8,f,403980,25.31
FastPFOR,627736,1547.12,ucr,6395.79,False,/colmajor/uint8-as-uint32/ucr/ShapesAll.dat,16,5,8,f,2481580,25.3
FastPFOR,422760,1036.51,ucr,5948.27,False,/colmajor/uint8-as-uint32/ucr/SmallKitchenAppliances.dat,16,5,8,f,2174980,19.44
FastPFOR,47244,1062.67,ucr,4303.67,False,/colmajor/uint8-as-uint32/ucr/SonyAIBORobotSurface.dat,16,5,8,f,186280,25.36
FastPFOR,69480,1068.97,ucr,4445.56,False,/colmajor/uint8-as-uint32/ucr/SonyAIBORobotSurfaceII.dat,16,5,8,f,274380,25.32
FastPFOR,8704720,1804.25,ucr,9694.73,False,/colmajor/uint8-as-uint32/ucr/StarLightCurves.dat,16,5,8,f,38015356,22.9
FastPFOR,238696,1711.31,ucr,5969.85,False,/colmajor/uint8-as-uint32/ucr/Strawberry.dat,16,5,8,f,943660,25.29
FastPFOR,151440,1095.04,ucr,4484.94,False,/colmajor/uint8-as-uint32/ucr/SwedishLeaf.dat,16,5,8,f,598480,25.3
FastPFOR,415392,975.22,ucr,5125.37,False,/colmajor/uint8-as-uint32/ucr/Symbols.dat,16,5,8,f,1644220,25.26
FastPFOR,39500,977.47,ucr,4019.9,False,/colmajor/uint8-as-uint32/ucr/synthetic_control.dat,16,5,8,f,155980,25.32
FastPFOR,76528,916.17,ucr,4426.6,False,/colmajor/uint8-as-uint32/ucr/ToeSegmentation1.dat,16,5,8,f,302284,25.32
FastPFOR,58124,778.35,ucr,6335.75,False,/colmajor/uint8-as-uint32/ucr/ToeSegmentation2.dat,16,5,8,f,231052,25.16
FastPFOR,52104,1094.34,ucr,5136.21,False,/colmajor/uint8-as-uint32/ucr/Trace.dat,16,5,8,f,223980,23.26
FastPFOR,672892,2034.97,ucr,10780.8,False,/colmajor/uint8-as-uint32/ucr/Two_Patterns.dat,16,5,8,f,2659980,25.3
FastPFOR,102476,1609.31,ucr,5538.06,False,/colmajor/uint8-as-uint32/ucr/TwoLeadECG.dat,16,5,8,f,404356,25.34
FastPFOR,1443328,1548.91,ucr,9121.29,False,/colmajor/uint8-as-uint32/ucr/uWaveGestureLibrary_X.dat,16,5,8,f,5731820,25.18
FastPFOR,1314312,1307.85,ucr,8435.42,False,/colmajor/uint8-as-uint32/ucr/uWaveGestureLibrary_Y.dat,16,5,8,f,5731820,22.93
FastPFOR,1446780,2128.97,ucr,9085.68,False,/colmajor/uint8-as-uint32/ucr/uWaveGestureLibrary_Z.dat,16,5,8,f,5731820,25.24
FastPFOR,4236464,1721.89,ucr,10474.07,False,/colmajor/uint8-as-uint32/ucr/UWaveGestureLibraryAll.dat,16,5,8,f,17016380,24.9
FastPFOR,996900,1373.74,ucr,8859.7,False,/colmajor/uint8-as-uint32/ucr/wafer.dat,16,5,8,f,4498972,22.16
FastPFOR,26880,1579.56,ucr,9040.22,False,/colmajor/uint8-as-uint32/ucr/Wine.dat,16,5,8,f,106096,25.34
FastPFOR,245968,1205.25,ucr,5564.6,False,/colmajor/uint8-as-uint32/ucr/WordsSynonyms.dat,16,5,8,f,995480,24.71
FastPFOR,234656,929.33,ucr,4535.49,False,/colmajor/uint8-as-uint32/ucr/Worms.dat,16,5,8,f,933940,25.13
FastPFOR,234656,946.04,ucr,4592.18,False,/colmajor/uint8-as-uint32/ucr/WormsTwoClass.dat,16,5,8,f,933940,25.13
FastPFOR,1439100,1638.29,ucr,8043.2,False,/colmajor/uint8-as-uint32/ucr/yoga.dat,16,5,8,f,5689180,25.3
